%YAML:1.0
---
calibration_time: "Fr 15 Dez 2017 09:48:38 CET"
nframes: 20
image_width: 720
image_height: 480
board_width: 7
board_height: 9
square_size: 2.2500000894069672e-02
aspectRatio: 1.
flags: 2
camera_matrix: !!opencv-matrix
   rows: 3
   cols: 3
   dt: d
   data: [ 2.7187321245747853e+02, 0., 3.5139727856824106e+02, 0.,
       2.7187321245747853e+02, 2.7722662310110661e+02, 0., 0., 1. ]
distortion_coefficients: !!opencv-matrix
   rows: 5
   cols: 1
   dt: d
   data: [ -4.6723584917022672e-02, -2.7897562667793589e-02,
       -7.9373815190382729e-04, -1.0878436222435004e-03,
       6.3419585189407679e-03 ]
avg_reprojection_error: 4.3422226870037539e+00
per_view_reprojection_errors: !!opencv-matrix
   rows: 20
   cols: 1
   dt: f
   data: [ 3.63671088e+00, 3.77756548e+00, 9.87008631e-01,
       1.04689741e+00, 1.81538081e+00, 1.62529147e+00, 1.33560991e+00,
       5.89459717e-01, 6.63169765e+00, 3.27157474e+00, 1.77852738e+00,
       6.39952898e+00, 7.30273581e+00, 7.30741167e+00, 3.76734495e+00,
       4.92213202e+00, 6.01592445e+00, 5.45868540e+00, 5.41323805e+00,
       4.72909570e-01 ]
extrinsic_parameters: !!opencv-matrix
   rows: 20
   cols: 6
   dt: d
   data: [ -2.2632937859493957e-01, -7.9509629393561454e-01,
       -1.4308911736909498e+00, -3.1894141456660113e-01,
       1.9451726011642603e-01, 3.5185096836303220e-01,
       -2.3696209640392057e-01, -9.9575525144738519e-01,
       -1.4094956156192398e+00, -3.0443603866882407e-01,
       2.1425083524091149e-01, 3.3961127957849169e-01,
       -2.6325426447639821e-01, 6.9013954463068794e-01,
       1.3579751493764725e+00, 2.4555971109037594e-01,
       7.0784152295116393e-02, 3.9442193011401389e-01,
       6.6956478954564039e-02, 1.1351188653450539e+00,
       1.2906134244456058e+00, 4.0723088380527994e-01,
       1.2885115089798602e-02, 3.1879867659802957e-01,
       4.5850512885993081e-02, 4.7235874658669386e-01,
       1.4015292791591090e+00, 1.4615959871645848e-01,
       -5.0966458489990860e-02, 2.1669242478055498e-01,
       1.6247788801638954e-01, 2.1558393317879124e-02,
       -1.6438867265711903e+00, -1.0963240212330089e-01,
       5.8809620152549119e-02, 1.3369312674602374e-01,
       2.4288981603700724e-01, -2.8609918769716233e-02,
       -1.6834517455148352e+00, -1.0440369103847180e-01,
       2.9147030793254126e-02, 2.2388083804537934e-01,
       1.5125970687223253e-01, -1.5151021377446816e-01,
       -1.5748479213327395e+00, -1.6219544551145038e-01,
       2.1473058384076298e-02, 3.4246461280475410e-01,
       -5.6726029699422453e-01, -5.7815974739714437e-01,
       -1.5681481973559541e+00, -2.0963836050695986e-01,
       2.7791858247478268e-01, 4.5191255627841193e-01,
       -5.5869372482530699e-01, 3.1922190284476437e-01,
       1.4708058253882250e+00, -4.6606073300926330e-02,
       1.2248115754531975e-01, 4.8291604432351026e-01,
       -2.0075350478171594e-01, 6.1979034239575670e-01,
       1.4074395441544065e+00, 4.0652759209817185e-01,
       4.6043477906290299e-02, 3.8432721268490483e-01,
       -6.9121485203939015e-02, -8.0722733217665898e-01,
       -1.4281511151474191e+00, -4.0182234687126117e-01,
       2.2711205460840025e-01, 3.9792284916670767e-01,
       -3.0257843278871960e-02, -1.1345379943253409e+00,
       -1.3301189565761948e+00, -4.4614222901041817e-01,
       2.4741570367181551e-01, 4.1564381518151161e-01,
       3.2803078837119365e-01, -1.5798689616126185e-01,
       -1.5164998637627947e+00, -4.6390113636787939e-01,
       -8.4353693094084192e-02, 4.8229857297820189e-01,
       4.7327160508035498e-01, -7.1673501747786827e-01,
       -1.0871542429645333e+00, -2.7898224837710589e-01,
       -2.6141523461805477e-01, 3.5809088219793234e-01,
       4.4825741331436397e-01, -6.1987692246863269e-01,
       -1.2289489989756450e+00, -3.1090332016885613e-01,
       -1.5806702371932743e-01, 3.7694335849552946e-01,
       2.2356092347083908e-01, 7.4236254234434462e-01,
       1.4273562328815481e+00, 2.9802329052591758e-01,
       -1.7164107008931936e-01, 4.6025361805550180e-01,
       2.6241168676393667e-01, 5.8735474333712556e-01,
       1.2097601969678049e+00, 5.7165165883985167e-02,
       -3.9562734819598772e-01, 4.1237964913385622e-01,
       1.8684416713273316e-01, 5.7133968924372036e-01,
       1.4162575866941931e+00, 8.0943612166047049e-02,
       -2.9173810555099605e-01, 4.2670994817507557e-01,
       -4.3148732193196149e-02, -3.8434909622579244e-01,
       -1.4935576170231655e+00, -2.2531439601490996e-01,
       1.4199114790406780e-01, 3.5710168086680616e-01 ]
